2023/03/30 14:30:26.279191 simulation.go:140: StartSim(1s)
2023/03/30 14:30:26.279207 simulation.go:142: Init(PingServer)
2023/03/30 14:30:26.279212 simulation.go:142: Init(PingClient)
2023/03/30 14:30:26.279224 node.go:197: SetTimer(PingClient, PingTimer, 10ms)
2023/03/30 14:30:26.289898 simulation.go:118: HandleTimer(PingClient, PingTimer, 10ms)
2023/03/30 14:30:26.289954 node.go:167: SendMessage(PingClient -> PingServer, Ping)
2023/03/30 14:30:26.289992 node.go:197: SetTimer(PingClient, PingTimer, 10ms)
2023/03/30 14:30:26.300743 simulation.go:118: HandleTimer(PingClient, PingTimer, 10ms)
2023/03/30 14:30:26.300802 node.go:167: SendMessage(PingClient -> PingServer, Ping)
2023/03/30 14:30:26.300846 node.go:197: SetTimer(PingClient, PingTimer, 10ms)
2023/03/30 14:30:26.311204 simulation.go:118: HandleTimer(PingClient, PingTimer, 10ms)
2023/03/30 14:30:26.311266 node.go:167: SendMessage(PingClient -> PingServer, Ping)
2023/03/30 14:30:26.311300 node.go:197: SetTimer(PingClient, PingTimer, 10ms)
2023/03/30 14:30:26.321686 simulation.go:118: HandleTimer(PingClient, PingTimer, 10ms)
2023/03/30 14:30:26.321757 node.go:167: SendMessage(PingClient -> PingServer, Ping)
2023/03/30 14:30:26.321797 node.go:197: SetTimer(PingClient, PingTimer, 10ms)
2023/03/30 14:30:26.332097 simulation.go:118: HandleTimer(PingClient, PingTimer, 10ms)
2023/03/30 14:30:26.332150 node.go:167: SendMessage(PingClient -> PingServer, Ping)
2023/03/30 14:30:26.332183 node.go:197: SetTimer(PingClient, PingTimer, 10ms)
2023/03/30 14:30:26.342518 simulation.go:118: HandleTimer(PingClient, PingTimer, 10ms)
2023/03/30 14:30:26.342602 node.go:167: SendMessage(PingClient -> PingServer, Ping)
2023/03/30 14:30:26.342715 node.go:197: SetTimer(PingClient, PingTimer, 10ms)
2023/03/30 14:30:26.353067 simulation.go:118: HandleTimer(PingClient, PingTimer, 10ms)
2023/03/30 14:30:26.353174 node.go:167: SendMessage(PingClient -> PingServer, Ping)
2023/03/30 14:30:26.353216 node.go:197: SetTimer(PingClient, PingTimer, 10ms)
2023/03/30 14:30:26.355215 simulation.go:105: HandleMessage(PingClient -> PingServer, Ping)
2023/03/30 14:30:26.355261 node.go:167: SendMessage(PingServer -> PingClient, Pong)
2023/03/30 14:30:26.363527 simulation.go:118: HandleTimer(PingClient, PingTimer, 10ms)
2023/03/30 14:30:26.363584 node.go:167: SendMessage(PingClient -> PingServer, Ping)
2023/03/30 14:30:26.363625 node.go:197: SetTimer(PingClient, PingTimer, 10ms)
2023/03/30 14:30:26.371835 simulation.go:105: HandleMessage(PingClient -> PingServer, Ping)
2023/03/30 14:30:26.371903 node.go:167: SendMessage(PingServer -> PingClient, Pong)
2023/03/30 14:30:26.374112 simulation.go:118: HandleTimer(PingClient, PingTimer, 10ms)
2023/03/30 14:30:26.374156 node.go:167: SendMessage(PingClient -> PingServer, Ping)
2023/03/30 14:30:26.374189 node.go:197: SetTimer(PingClient, PingTimer, 10ms)
2023/03/30 14:30:26.384590 simulation.go:118: HandleTimer(PingClient, PingTimer, 10ms)
2023/03/30 14:30:26.384642 node.go:167: SendMessage(PingClient -> PingServer, Ping)
2023/03/30 14:30:26.384675 node.go:197: SetTimer(PingClient, PingTimer, 10ms)
2023/03/30 14:30:26.394971 simulation.go:118: HandleTimer(PingClient, PingTimer, 10ms)
2023/03/30 14:30:26.395043 simulation.go:105: HandleMessage(PingClient -> PingServer, Ping)
2023/03/30 14:30:26.395060 node.go:167: SendMessage(PingClient -> PingServer, Ping)
2023/03/30 14:30:26.395081 node.go:197: SetTimer(PingClient, PingTimer, 10ms)
2023/03/30 14:30:26.395068 node.go:167: SendMessage(PingServer -> PingClient, Pong)
2023/03/30 14:30:26.396194 simulation.go:105: HandleMessage(PingServer -> PingClient, Pong)
2023/03/30 14:30:26.402467 simulation.go:105: HandleMessage(PingClient -> PingServer, Ping)
2023/03/30 14:30:26.402559 node.go:167: SendMessage(PingServer -> PingClient, Pong)
2023/03/30 14:30:26.405759 simulation.go:118: HandleTimer(PingClient, PingTimer, 10ms)
2023/03/30 14:30:26.405798 node.go:167: SendMessage(PingClient -> PingServer, Ping)
2023/03/30 14:30:26.405830 node.go:197: SetTimer(PingClient, PingTimer, 10ms)
2023/03/30 14:30:26.406921 simulation.go:105: HandleMessage(PingClient -> PingServer, Ping)
2023/03/30 14:30:26.406949 simulation.go:105: HandleMessage(PingClient -> PingServer, Ping)
2023/03/30 14:30:26.407018 node.go:167: SendMessage(PingServer -> PingClient, Pong)
2023/03/30 14:30:26.407052 node.go:167: SendMessage(PingServer -> PingClient, Pong)
2023/03/30 14:30:26.416225 simulation.go:118: HandleTimer(PingClient, PingTimer, 10ms)
2023/03/30 14:30:26.416302 node.go:167: SendMessage(PingClient -> PingServer, Ping)
2023/03/30 14:30:26.416355 node.go:197: SetTimer(PingClient, PingTimer, 10ms)
2023/03/30 14:30:26.417477 simulation.go:105: HandleMessage(PingClient -> PingServer, Ping)
2023/03/30 14:30:26.417511 node.go:167: SendMessage(PingServer -> PingClient, Pong)
2023/03/30 14:30:26.423871 simulation.go:105: HandleMessage(PingClient -> PingServer, Ping)
2023/03/30 14:30:26.423940 node.go:167: SendMessage(PingServer -> PingClient, Pong)
2023/03/30 14:30:26.427180 simulation.go:118: HandleTimer(PingClient, PingTimer, 10ms)
2023/03/30 14:30:26.427224 node.go:167: SendMessage(PingClient -> PingServer, Ping)
2023/03/30 14:30:26.427256 node.go:197: SetTimer(PingClient, PingTimer, 10ms)
2023/03/30 14:30:26.433443 simulation.go:105: HandleMessage(PingServer -> PingClient, Pong)
2023/03/30 14:30:26.437786 simulation.go:118: HandleTimer(PingClient, PingTimer, 10ms)
2023/03/30 14:30:26.437822 node.go:167: SendMessage(PingClient -> PingServer, Ping)
2023/03/30 14:30:26.437853 node.go:197: SetTimer(PingClient, PingTimer, 10ms)
2023/03/30 14:30:26.446079 simulation.go:105: HandleMessage(PingServer -> PingClient, Pong)
2023/03/30 14:30:26.448373 simulation.go:118: HandleTimer(PingClient, PingTimer, 10ms)
2023/03/30 14:30:26.448418 node.go:167: SendMessage(PingClient -> PingServer, Ping)
2023/03/30 14:30:26.448428 node.go:197: SetTimer(PingClient, PingTimer, 10ms)
2023/03/30 14:30:26.448439 simulation.go:105: HandleMessage(PingClient -> PingServer, Ping)
2023/03/30 14:30:26.448455 node.go:167: SendMessage(PingServer -> PingClient, Pong)
2023/03/30 14:30:26.453677 simulation.go:105: HandleMessage(PingClient -> PingServer, Ping)
2023/03/30 14:30:26.453737 node.go:167: SendMessage(PingServer -> PingClient, Pong)
2023/03/30 14:30:26.458928 simulation.go:118: HandleTimer(PingClient, PingTimer, 10ms)
2023/03/30 14:30:26.459004 node.go:167: SendMessage(PingClient -> PingServer, Ping)
2023/03/30 14:30:26.459064 node.go:197: SetTimer(PingClient, PingTimer, 10ms)
2023/03/30 14:30:26.461227 simulation.go:105: HandleMessage(PingServer -> PingClient, Pong)
2023/03/30 14:30:26.462370 simulation.go:105: HandleMessage(PingClient -> PingServer, Ping)
2023/03/30 14:30:26.462405 node.go:167: SendMessage(PingServer -> PingClient, Pong)
2023/03/30 14:30:26.469604 simulation.go:118: HandleTimer(PingClient, PingTimer, 10ms)
2023/03/30 14:30:26.469672 node.go:167: SendMessage(PingClient -> PingServer, Ping)
2023/03/30 14:30:26.469717 node.go:197: SetTimer(PingClient, PingTimer, 10ms)
2023/03/30 14:30:26.471968 simulation.go:105: HandleMessage(PingServer -> PingClient, Pong)
2023/03/30 14:30:26.473093 simulation.go:105: HandleMessage(PingServer -> PingClient, Pong)
2023/03/30 14:30:26.475413 simulation.go:105: HandleMessage(PingServer -> PingClient, Pong)
2023/03/30 14:30:26.479681 simulation.go:105: HandleMessage(PingClient -> PingServer, Ping)
2023/03/30 14:30:26.479743 node.go:167: SendMessage(PingServer -> PingClient, Pong)
2023/03/30 14:30:26.479779 simulation.go:118: HandleTimer(PingClient, PingTimer, 10ms)
2023/03/30 14:30:26.479790 node.go:167: SendMessage(PingClient -> PingServer, Ping)
2023/03/30 14:30:26.479798 node.go:197: SetTimer(PingClient, PingTimer, 10ms)
2023/03/30 14:30:26.489507 simulation.go:105: HandleMessage(PingClient -> PingServer, Ping)
2023/03/30 14:30:26.489672 node.go:167: SendMessage(PingServer -> PingClient, Pong)
2023/03/30 14:30:26.490042 simulation.go:118: HandleTimer(PingClient, PingTimer, 10ms)
2023/03/30 14:30:26.490113 node.go:167: SendMessage(PingClient -> PingServer, Ping)
2023/03/30 14:30:26.490244 node.go:197: SetTimer(PingClient, PingTimer, 10ms)
2023/03/30 14:30:26.493499 simulation.go:105: HandleMessage(PingClient -> PingServer, Ping)
2023/03/30 14:30:26.493687 node.go:167: SendMessage(PingServer -> PingClient, Pong)
2023/03/30 14:30:26.498090 simulation.go:105: HandleMessage(PingServer -> PingClient, Pong)
2023/03/30 14:30:26.499542 simulation.go:105: HandleMessage(PingClient -> PingServer, Ping)
2023/03/30 14:30:26.499699 node.go:167: SendMessage(PingServer -> PingClient, Pong)
2023/03/30 14:30:26.500906 simulation.go:118: HandleTimer(PingClient, PingTimer, 10ms)
2023/03/30 14:30:26.501065 node.go:167: SendMessage(PingClient -> PingServer, Ping)
2023/03/30 14:30:26.501199 node.go:197: SetTimer(PingClient, PingTimer, 10ms)
2023/03/30 14:30:26.506640 simulation.go:105: HandleMessage(PingServer -> PingClient, Pong)
2023/03/30 14:30:26.506842 simulation.go:105: HandleMessage(PingServer -> PingClient, Pong)
2023/03/30 14:30:26.510577 simulation.go:105: HandleMessage(PingServer -> PingClient, Pong)
2023/03/30 14:30:26.511962 simulation.go:105: HandleMessage(PingClient -> PingServer, Ping)
2023/03/30 14:30:26.512116 simulation.go:118: HandleTimer(PingClient, PingTimer, 10ms)
2023/03/30 14:30:26.512193 node.go:167: SendMessage(PingClient -> PingServer, Ping)
2023/03/30 14:30:26.512241 node.go:197: SetTimer(PingClient, PingTimer, 10ms)
2023/03/30 14:30:26.512120 node.go:167: SendMessage(PingServer -> PingClient, Pong)
2023/03/30 14:30:26.516646 simulation.go:105: HandleMessage(PingClient -> PingServer, Ping)
2023/03/30 14:30:26.516715 simulation.go:105: HandleMessage(PingServer -> PingClient, Pong)
2023/03/30 14:30:26.516848 node.go:167: SendMessage(PingServer -> PingClient, Pong)
2023/03/30 14:30:26.523089 simulation.go:118: HandleTimer(PingClient, PingTimer, 10ms)
2023/03/30 14:30:26.523139 node.go:167: SendMessage(PingClient -> PingServer, Ping)
2023/03/30 14:30:26.523171 node.go:197: SetTimer(PingClient, PingTimer, 10ms)
2023/03/30 14:30:26.533401 simulation.go:105: HandleMessage(PingServer -> PingClient, Pong)
2023/03/30 14:30:26.533469 simulation.go:118: HandleTimer(PingClient, PingTimer, 10ms)
2023/03/30 14:30:26.533489 node.go:167: SendMessage(PingClient -> PingServer, Ping)
2023/03/30 14:30:26.533499 node.go:197: SetTimer(PingClient, PingTimer, 10ms)
2023/03/30 14:30:26.534588 simulation.go:105: HandleMessage(PingClient -> PingServer, Ping)
2023/03/30 14:30:26.534624 node.go:167: SendMessage(PingServer -> PingClient, Pong)
2023/03/30 14:30:26.535780 simulation.go:105: HandleMessage(PingClient -> PingServer, Ping)
2023/03/30 14:30:26.535827 node.go:167: SendMessage(PingServer -> PingClient, Pong)
2023/03/30 14:30:26.544044 simulation.go:118: HandleTimer(PingClient, PingTimer, 10ms)
2023/03/30 14:30:26.544116 node.go:167: SendMessage(PingClient -> PingServer, Ping)
2023/03/30 14:30:26.544186 node.go:197: SetTimer(PingClient, PingTimer, 10ms)
2023/03/30 14:30:26.546274 simulation.go:105: HandleMessage(PingServer -> PingClient, Pong)
2023/03/30 14:30:26.553757 simulation.go:105: HandleMessage(PingClient -> PingServer, Ping)
2023/03/30 14:30:26.553805 node.go:167: SendMessage(PingServer -> PingClient, Pong)
2023/03/30 14:30:26.554988 simulation.go:118: HandleTimer(PingClient, PingTimer, 10ms)
2023/03/30 14:30:26.555049 node.go:167: SendMessage(PingClient -> PingServer, Ping)
2023/03/30 14:30:26.555112 node.go:197: SetTimer(PingClient, PingTimer, 10ms)
2023/03/30 14:30:26.556201 simulation.go:105: HandleMessage(PingServer -> PingClient, Pong)
2023/03/30 14:30:26.557399 simulation.go:105: HandleMessage(PingServer -> PingClient, Pong)
2023/03/30 14:30:26.566133 simulation.go:118: HandleTimer(PingClient, PingTimer, 10ms)
2023/03/30 14:30:26.566197 simulation.go:105: HandleMessage(PingClient -> PingServer, Ping)
2023/03/30 14:30:26.566217 node.go:167: SendMessage(PingServer -> PingClient, Pong)
2023/03/30 14:30:26.566198 node.go:167: SendMessage(PingClient -> PingServer, Ping)
2023/03/30 14:30:26.566239 node.go:197: SetTimer(PingClient, PingTimer, 10ms)
2023/03/30 14:30:26.566249 simulation.go:105: HandleMessage(PingClient -> PingServer, Ping)
2023/03/30 14:30:26.566256 node.go:167: SendMessage(PingServer -> PingClient, Pong)
2023/03/30 14:30:26.576777 simulation.go:118: HandleTimer(PingClient, PingTimer, 10ms)
2023/03/30 14:30:26.576839 node.go:167: SendMessage(PingClient -> PingServer, Ping)
2023/03/30 14:30:26.576872 node.go:197: SetTimer(PingClient, PingTimer, 10ms)
2023/03/30 14:30:26.580177 simulation.go:105: HandleMessage(PingClient -> PingServer, Ping)
2023/03/30 14:30:26.580229 node.go:167: SendMessage(PingServer -> PingClient, Pong)
2023/03/30 14:30:26.583592 simulation.go:105: HandleMessage(PingServer -> PingClient, Pong)
2023/03/30 14:30:26.587998 simulation.go:105: HandleMessage(PingClient -> PingServer, Ping)
2023/03/30 14:30:26.588054 node.go:167: SendMessage(PingServer -> PingClient, Pong)
2023/03/30 14:30:26.588035 simulation.go:118: HandleTimer(PingClient, PingTimer, 10ms)
2023/03/30 14:30:26.588077 node.go:167: SendMessage(PingClient -> PingServer, Ping)
2023/03/30 14:30:26.588112 node.go:197: SetTimer(PingClient, PingTimer, 10ms)
2023/03/30 14:30:26.589151 simulation.go:105: HandleMessage(PingClient -> PingServer, Ping)
2023/03/30 14:30:26.589195 node.go:167: SendMessage(PingServer -> PingClient, Pong)
2023/03/30 14:30:26.591583 simulation.go:105: HandleMessage(PingServer -> PingClient, Pong)
2023/03/30 14:30:26.598002 simulation.go:105: HandleMessage(PingServer -> PingClient, Pong)
2023/03/30 14:30:26.599196 simulation.go:118: HandleTimer(PingClient, PingTimer, 10ms)
2023/03/30 14:30:26.599237 node.go:167: SendMessage(PingClient -> PingServer, Ping)
2023/03/30 14:30:26.599269 node.go:197: SetTimer(PingClient, PingTimer, 10ms)
2023/03/30 14:30:26.609720 simulation.go:118: HandleTimer(PingClient, PingTimer, 10ms)
2023/03/30 14:30:26.609779 node.go:167: SendMessage(PingClient -> PingServer, Ping)
2023/03/30 14:30:26.609814 node.go:197: SetTimer(PingClient, PingTimer, 10ms)
2023/03/30 14:30:26.613186 simulation.go:105: HandleMessage(PingClient -> PingServer, Ping)
2023/03/30 14:30:26.613244 node.go:167: SendMessage(PingServer -> PingClient, Pong)
2023/03/30 14:30:26.613371 simulation.go:105: HandleMessage(PingServer -> PingClient, Pong)
2023/03/30 14:30:26.620331 simulation.go:105: HandleMessage(PingServer -> PingClient, Pong)
2023/03/30 14:30:26.620409 simulation.go:118: HandleTimer(PingClient, PingTimer, 10ms)
2023/03/30 14:30:26.620432 node.go:167: SendMessage(PingClient -> PingServer, Ping)
2023/03/30 14:30:26.620442 node.go:197: SetTimer(PingClient, PingTimer, 10ms)
2023/03/30 14:30:26.630780 simulation.go:118: HandleTimer(PingClient, PingTimer, 10ms)
2023/03/30 14:30:26.630849 node.go:167: SendMessage(PingClient -> PingServer, Ping)
2023/03/30 14:30:26.630897 node.go:197: SetTimer(PingClient, PingTimer, 10ms)
2023/03/30 14:30:26.632037 simulation.go:105: HandleMessage(PingClient -> PingServer, Ping)
2023/03/30 14:30:26.632127 node.go:167: SendMessage(PingServer -> PingClient, Pong)
2023/03/30 14:30:26.636473 simulation.go:105: HandleMessage(PingServer -> PingClient, Pong)
2023/03/30 14:30:26.641864 simulation.go:118: HandleTimer(PingClient, PingTimer, 10ms)
2023/03/30 14:30:26.641958 node.go:167: SendMessage(PingClient -> PingServer, Ping)
2023/03/30 14:30:26.642035 node.go:197: SetTimer(PingClient, PingTimer, 10ms)
2023/03/30 14:30:26.643014 simulation.go:105: HandleMessage(PingClient -> PingServer, Ping)
2023/03/30 14:30:26.643050 node.go:167: SendMessage(PingServer -> PingClient, Pong)
2023/03/30 14:30:26.647390 simulation.go:105: HandleMessage(PingClient -> PingServer, Ping)
2023/03/30 14:30:26.647429 node.go:167: SendMessage(PingServer -> PingClient, Pong)
2023/03/30 14:30:26.649756 simulation.go:105: HandleMessage(PingServer -> PingClient, Pong)
2023/03/30 14:30:26.652370 simulation.go:118: HandleTimer(PingClient, PingTimer, 10ms)
2023/03/30 14:30:26.652426 node.go:167: SendMessage(PingClient -> PingServer, Ping)
2023/03/30 14:30:26.652464 node.go:197: SetTimer(PingClient, PingTimer, 10ms)
2023/03/30 14:30:26.654812 simulation.go:105: HandleMessage(PingServer -> PingClient, Pong)
2023/03/30 14:30:26.656006 simulation.go:105: HandleMessage(PingClient -> PingServer, Ping)
2023/03/30 14:30:26.656079 node.go:167: SendMessage(PingServer -> PingClient, Pong)
2023/03/30 14:30:26.663338 simulation.go:118: HandleTimer(PingClient, PingTimer, 10ms)
2023/03/30 14:30:26.663391 node.go:167: SendMessage(PingClient -> PingServer, Ping)
2023/03/30 14:30:26.663426 node.go:197: SetTimer(PingClient, PingTimer, 10ms)
2023/03/30 14:30:26.664951 simulation.go:105: HandleMessage(PingClient -> PingServer, Ping)
2023/03/30 14:30:26.665005 node.go:167: SendMessage(PingServer -> PingClient, Pong)
2023/03/30 14:30:26.668420 simulation.go:105: HandleMessage(PingServer -> PingClient, Pong)
2023/03/30 14:30:26.668490 simulation.go:105: HandleMessage(PingServer -> PingClient, Pong)
2023/03/30 14:30:26.672017 simulation.go:105: HandleMessage(PingClient -> PingServer, Ping)
2023/03/30 14:30:26.672083 node.go:167: SendMessage(PingServer -> PingClient, Pong)
2023/03/30 14:30:26.674368 simulation.go:118: HandleTimer(PingClient, PingTimer, 10ms)
2023/03/30 14:30:26.674423 node.go:167: SendMessage(PingClient -> PingServer, Ping)
2023/03/30 14:30:26.674461 node.go:197: SetTimer(PingClient, PingTimer, 10ms)
2023/03/30 14:30:26.679590 simulation.go:105: HandleMessage(PingServer -> PingClient, Pong)
2023/03/30 14:30:26.682500 simulation.go:105: HandleMessage(PingServer -> PingClient, Pong)
2023/03/30 14:30:26.684741 simulation.go:118: HandleTimer(PingClient, PingTimer, 10ms)
2023/03/30 14:30:26.684797 node.go:167: SendMessage(PingClient -> PingServer, Ping)
2023/03/30 14:30:26.684835 node.go:197: SetTimer(PingClient, PingTimer, 10ms)
2023/03/30 14:30:26.690759 simulation.go:105: HandleMessage(PingServer -> PingClient, Pong)
2023/03/30 14:30:26.695112 simulation.go:118: HandleTimer(PingClient, PingTimer, 10ms)
2023/03/30 14:30:26.695165 node.go:167: SendMessage(PingClient -> PingServer, Ping)
2023/03/30 14:30:26.695199 node.go:197: SetTimer(PingClient, PingTimer, 10ms)
2023/03/30 14:30:26.697871 simulation.go:105: HandleMessage(PingClient -> PingServer, Ping)
2023/03/30 14:30:26.697929 node.go:167: SendMessage(PingServer -> PingClient, Pong)
2023/03/30 14:30:26.705294 simulation.go:118: HandleTimer(PingClient, PingTimer, 10ms)
2023/03/30 14:30:26.705363 node.go:167: SendMessage(PingClient -> PingServer, Ping)
2023/03/30 14:30:26.705399 node.go:197: SetTimer(PingClient, PingTimer, 10ms)
2023/03/30 14:30:26.709792 simulation.go:105: HandleMessage(PingServer -> PingClient, Pong)
2023/03/30 14:30:26.712073 simulation.go:105: HandleMessage(PingClient -> PingServer, Ping)
2023/03/30 14:30:26.712117 node.go:167: SendMessage(PingServer -> PingClient, Pong)
2023/03/30 14:30:26.716581 simulation.go:118: HandleTimer(PingClient, PingTimer, 10ms)
2023/03/30 14:30:26.716641 node.go:167: SendMessage(PingClient -> PingServer, Ping)
2023/03/30 14:30:26.716691 node.go:197: SetTimer(PingClient, PingTimer, 10ms)
2023/03/30 14:30:26.719078 simulation.go:105: HandleMessage(PingClient -> PingServer, Ping)
2023/03/30 14:30:26.719155 node.go:167: SendMessage(PingServer -> PingClient, Pong)
2023/03/30 14:30:26.721648 simulation.go:105: HandleMessage(PingServer -> PingClient, Pong)
2023/03/30 14:30:26.724881 simulation.go:105: HandleMessage(PingClient -> PingServer, Ping)
2023/03/30 14:30:26.724944 node.go:167: SendMessage(PingServer -> PingClient, Pong)
2023/03/30 14:30:26.727202 simulation.go:118: HandleTimer(PingClient, PingTimer, 10ms)
2023/03/30 14:30:26.727255 node.go:167: SendMessage(PingClient -> PingServer, Ping)
2023/03/30 14:30:26.727294 node.go:197: SetTimer(PingClient, PingTimer, 10ms)
2023/03/30 14:30:26.735518 simulation.go:105: HandleMessage(PingServer -> PingClient, Pong)
2023/03/30 14:30:26.737281 simulation.go:105: HandleMessage(PingClient -> PingServer, Ping)
2023/03/30 14:30:26.737354 node.go:167: SendMessage(PingServer -> PingClient, Pong)
2023/03/30 14:30:26.737384 simulation.go:118: HandleTimer(PingClient, PingTimer, 10ms)
2023/03/30 14:30:26.737412 node.go:167: SendMessage(PingClient -> PingServer, Ping)
2023/03/30 14:30:26.737424 node.go:197: SetTimer(PingClient, PingTimer, 10ms)
2023/03/30 14:30:26.743217 simulation.go:105: HandleMessage(PingServer -> PingClient, Pong)
2023/03/30 14:30:26.746523 simulation.go:105: HandleMessage(PingClient -> PingServer, Ping)
2023/03/30 14:30:26.746583 node.go:167: SendMessage(PingServer -> PingClient, Pong)
2023/03/30 14:30:26.747985 simulation.go:118: HandleTimer(PingClient, PingTimer, 10ms)
2023/03/30 14:30:26.748054 node.go:167: SendMessage(PingClient -> PingServer, Ping)
2023/03/30 14:30:26.748097 node.go:197: SetTimer(PingClient, PingTimer, 10ms)
2023/03/30 14:30:26.749231 simulation.go:105: HandleMessage(PingClient -> PingServer, Ping)
2023/03/30 14:30:26.749315 node.go:167: SendMessage(PingServer -> PingClient, Pong)
2023/03/30 14:30:26.758736 simulation.go:118: HandleTimer(PingClient, PingTimer, 10ms)
2023/03/30 14:30:26.758824 node.go:167: SendMessage(PingClient -> PingServer, Ping)
2023/03/30 14:30:26.758903 node.go:197: SetTimer(PingClient, PingTimer, 10ms)
2023/03/30 14:30:26.760976 simulation.go:105: HandleMessage(PingServer -> PingClient, Pong)
2023/03/30 14:30:26.762178 simulation.go:105: HandleMessage(PingClient -> PingServer, Ping)
2023/03/30 14:30:26.762225 node.go:167: SendMessage(PingServer -> PingClient, Pong)
2023/03/30 14:30:26.768635 simulation.go:105: HandleMessage(PingServer -> PingClient, Pong)
2023/03/30 14:30:26.769843 simulation.go:118: HandleTimer(PingClient, PingTimer, 10ms)
2023/03/30 14:30:26.769890 node.go:167: SendMessage(PingClient -> PingServer, Ping)
2023/03/30 14:30:26.769931 node.go:197: SetTimer(PingClient, PingTimer, 10ms)
2023/03/30 14:30:26.780180 simulation.go:118: HandleTimer(PingClient, PingTimer, 10ms)
2023/03/30 14:30:26.780274 node.go:167: SendMessage(PingClient -> PingServer, Ping)
2023/03/30 14:30:26.780304 node.go:197: SetTimer(PingClient, PingTimer, 10ms)
2023/03/30 14:30:26.780311 simulation.go:105: HandleMessage(PingServer -> PingClient, Pong)
2023/03/30 14:30:26.784606 simulation.go:105: HandleMessage(PingClient -> PingServer, Ping)
2023/03/30 14:30:26.784660 node.go:167: SendMessage(PingServer -> PingClient, Pong)
2023/03/30 14:30:26.784631 simulation.go:105: HandleMessage(PingServer -> PingClient, Pong)
2023/03/30 14:30:26.785726 simulation.go:105: HandleMessage(PingClient -> PingServer, Ping)
2023/03/30 14:30:26.785759 node.go:167: SendMessage(PingServer -> PingClient, Pong)
2023/03/30 14:30:26.788993 simulation.go:105: HandleMessage(PingServer -> PingClient, Pong)
2023/03/30 14:30:26.789018 simulation.go:105: HandleMessage(PingClient -> PingServer, Ping)
2023/03/30 14:30:26.789035 node.go:167: SendMessage(PingServer -> PingClient, Pong)
2023/03/30 14:30:26.791195 simulation.go:118: HandleTimer(PingClient, PingTimer, 10ms)
2023/03/30 14:30:26.791231 node.go:167: SendMessage(PingClient -> PingServer, Ping)
2023/03/30 14:30:26.791239 node.go:197: SetTimer(PingClient, PingTimer, 10ms)
2023/03/30 14:30:26.801548 simulation.go:105: HandleMessage(PingClient -> PingServer, Ping)
2023/03/30 14:30:26.801602 node.go:167: SendMessage(PingServer -> PingClient, Pong)
2023/03/30 14:30:26.801621 simulation.go:118: HandleTimer(PingClient, PingTimer, 10ms)
2023/03/30 14:30:26.801638 node.go:167: SendMessage(PingClient -> PingServer, Ping)
2023/03/30 14:30:26.801668 node.go:197: SetTimer(PingClient, PingTimer, 10ms)
2023/03/30 14:30:26.807405 simulation.go:105: HandleMessage(PingServer -> PingClient, Pong)
2023/03/30 14:30:26.812878 simulation.go:105: HandleMessage(PingClient -> PingServer, Ping)
2023/03/30 14:30:26.812931 node.go:167: SendMessage(PingServer -> PingClient, Pong)
2023/03/30 14:30:26.812948 simulation.go:118: HandleTimer(PingClient, PingTimer, 10ms)
2023/03/30 14:30:26.812965 node.go:167: SendMessage(PingClient -> PingServer, Ping)
2023/03/30 14:30:26.812994 node.go:197: SetTimer(PingClient, PingTimer, 10ms)
2023/03/30 14:30:26.819166 simulation.go:105: HandleMessage(PingServer -> PingClient, Pong)
2023/03/30 14:30:26.820321 simulation.go:105: HandleMessage(PingServer -> PingClient, Pong)
2023/03/30 14:30:26.823811 simulation.go:118: HandleTimer(PingClient, PingTimer, 10ms)
2023/03/30 14:30:26.823844 node.go:167: SendMessage(PingClient -> PingServer, Ping)
2023/03/30 14:30:26.823853 node.go:197: SetTimer(PingClient, PingTimer, 10ms)
2023/03/30 14:30:26.829006 simulation.go:105: HandleMessage(PingClient -> PingServer, Ping)
2023/03/30 14:30:26.829070 node.go:167: SendMessage(PingServer -> PingClient, Pong)
2023/03/30 14:30:26.834343 simulation.go:118: HandleTimer(PingClient, PingTimer, 10ms)
2023/03/30 14:30:26.834403 node.go:167: SendMessage(PingClient -> PingServer, Ping)
2023/03/30 14:30:26.834447 node.go:197: SetTimer(PingClient, PingTimer, 10ms)
2023/03/30 14:30:26.840569 simulation.go:105: HandleMessage(PingClient -> PingServer, Ping)
2023/03/30 14:30:26.840650 node.go:167: SendMessage(PingServer -> PingClient, Pong)
2023/03/30 14:30:26.844854 simulation.go:118: HandleTimer(PingClient, PingTimer, 10ms)
2023/03/30 14:30:26.844931 node.go:167: SendMessage(PingClient -> PingServer, Ping)
2023/03/30 14:30:26.844966 node.go:197: SetTimer(PingClient, PingTimer, 10ms)
2023/03/30 14:30:26.846082 simulation.go:105: HandleMessage(PingServer -> PingClient, Pong)
2023/03/30 14:30:26.855376 simulation.go:118: HandleTimer(PingClient, PingTimer, 10ms)
2023/03/30 14:30:26.855415 node.go:167: SendMessage(PingClient -> PingServer, Ping)
2023/03/30 14:30:26.855446 node.go:197: SetTimer(PingClient, PingTimer, 10ms)
2023/03/30 14:30:26.856486 simulation.go:105: HandleMessage(PingClient -> PingServer, Ping)
2023/03/30 14:30:26.856523 node.go:167: SendMessage(PingServer -> PingClient, Pong)
2023/03/30 14:30:26.860828 simulation.go:105: HandleMessage(PingServer -> PingClient, Pong)
2023/03/30 14:30:26.862023 simulation.go:105: HandleMessage(PingClient -> PingServer, Ping)
2023/03/30 14:30:26.862123 node.go:167: SendMessage(PingServer -> PingClient, Pong)
2023/03/30 14:30:26.866497 simulation.go:118: HandleTimer(PingClient, PingTimer, 10ms)
2023/03/30 14:30:26.866533 node.go:167: SendMessage(PingClient -> PingServer, Ping)
2023/03/30 14:30:26.866594 node.go:197: SetTimer(PingClient, PingTimer, 10ms)
2023/03/30 14:30:26.867640 simulation.go:105: HandleMessage(PingClient -> PingServer, Ping)
2023/03/30 14:30:26.867675 node.go:167: SendMessage(PingServer -> PingClient, Pong)
2023/03/30 14:30:26.872103 simulation.go:105: HandleMessage(PingServer -> PingClient, Pong)
2023/03/30 14:30:26.872174 simulation.go:105: HandleMessage(PingServer -> PingClient, Pong)
2023/03/30 14:30:26.873272 simulation.go:105: HandleMessage(PingServer -> PingClient, Pong)
2023/03/30 14:30:26.874451 simulation.go:105: HandleMessage(PingClient -> PingServer, Ping)
2023/03/30 14:30:26.874484 node.go:167: SendMessage(PingServer -> PingClient, Pong)
2023/03/30 14:30:26.877694 simulation.go:118: HandleTimer(PingClient, PingTimer, 10ms)
2023/03/30 14:30:26.877739 node.go:167: SendMessage(PingClient -> PingServer, Ping)
2023/03/30 14:30:26.877792 node.go:197: SetTimer(PingClient, PingTimer, 10ms)
2023/03/30 14:30:26.883118 simulation.go:105: HandleMessage(PingServer -> PingClient, Pong)
2023/03/30 14:30:26.886499 simulation.go:105: HandleMessage(PingClient -> PingServer, Ping)
2023/03/30 14:30:26.886537 node.go:167: SendMessage(PingServer -> PingClient, Pong)
2023/03/30 14:30:26.889048 simulation.go:118: HandleTimer(PingClient, PingTimer, 10ms)
2023/03/30 14:30:26.889096 node.go:167: SendMessage(PingClient -> PingServer, Ping)
2023/03/30 14:30:26.889160 node.go:197: SetTimer(PingClient, PingTimer, 10ms)
2023/03/30 14:30:26.897513 simulation.go:105: HandleMessage(PingClient -> PingServer, Ping)
2023/03/30 14:30:26.897566 node.go:167: SendMessage(PingServer -> PingClient, Pong)
2023/03/30 14:30:26.898664 simulation.go:105: HandleMessage(PingServer -> PingClient, Pong)
2023/03/30 14:30:26.900088 simulation.go:105: HandleMessage(PingServer -> PingClient, Pong)
2023/03/30 14:30:26.900159 simulation.go:105: HandleMessage(PingClient -> PingServer, Ping)
2023/03/30 14:30:26.900174 node.go:167: SendMessage(PingServer -> PingClient, Pong)
2023/03/30 14:30:26.900236 simulation.go:118: HandleTimer(PingClient, PingTimer, 10ms)
2023/03/30 14:30:26.900252 node.go:167: SendMessage(PingClient -> PingServer, Ping)
2023/03/30 14:30:26.900281 node.go:197: SetTimer(PingClient, PingTimer, 10ms)
2023/03/30 14:30:26.910655 simulation.go:118: HandleTimer(PingClient, PingTimer, 10ms)
2023/03/30 14:30:26.910702 node.go:167: SendMessage(PingClient -> PingServer, Ping)
2023/03/30 14:30:26.910735 node.go:197: SetTimer(PingClient, PingTimer, 10ms)
2023/03/30 14:30:26.911753 simulation.go:105: HandleMessage(PingClient -> PingServer, Ping)
2023/03/30 14:30:26.911789 node.go:167: SendMessage(PingServer -> PingClient, Pong)
2023/03/30 14:30:26.919275 simulation.go:105: HandleMessage(PingServer -> PingClient, Pong)
2023/03/30 14:30:26.921536 simulation.go:118: HandleTimer(PingClient, PingTimer, 10ms)
2023/03/30 14:30:26.921574 node.go:167: SendMessage(PingClient -> PingServer, Ping)
2023/03/30 14:30:26.921607 node.go:197: SetTimer(PingClient, PingTimer, 10ms)
2023/03/30 14:30:26.932044 simulation.go:118: HandleTimer(PingClient, PingTimer, 10ms)
2023/03/30 14:30:26.932095 node.go:167: SendMessage(PingClient -> PingServer, Ping)
2023/03/30 14:30:26.932128 node.go:197: SetTimer(PingClient, PingTimer, 10ms)
2023/03/30 14:30:26.933406 simulation.go:105: HandleMessage(PingServer -> PingClient, Pong)
2023/03/30 14:30:26.943189 simulation.go:118: HandleTimer(PingClient, PingTimer, 10ms)
2023/03/30 14:30:26.943242 node.go:167: SendMessage(PingClient -> PingServer, Ping)
2023/03/30 14:30:26.943275 node.go:197: SetTimer(PingClient, PingTimer, 10ms)
2023/03/30 14:30:26.946616 simulation.go:105: HandleMessage(PingClient -> PingServer, Ping)
2023/03/30 14:30:26.946671 node.go:167: SendMessage(PingServer -> PingClient, Pong)
2023/03/30 14:30:26.954157 simulation.go:118: HandleTimer(PingClient, PingTimer, 10ms)
2023/03/30 14:30:26.954212 node.go:167: SendMessage(PingClient -> PingServer, Ping)
2023/03/30 14:30:26.954247 node.go:197: SetTimer(PingClient, PingTimer, 10ms)
2023/03/30 14:30:26.956669 simulation.go:105: HandleMessage(PingClient -> PingServer, Ping)
2023/03/30 14:30:26.956706 node.go:167: SendMessage(PingServer -> PingClient, Pong)
2023/03/30 14:30:26.961000 simulation.go:105: HandleMessage(PingServer -> PingClient, Pong)
2023/03/30 14:30:26.962356 simulation.go:105: HandleMessage(PingClient -> PingServer, Ping)
2023/03/30 14:30:26.962397 node.go:167: SendMessage(PingServer -> PingClient, Pong)
2023/03/30 14:30:26.964941 simulation.go:118: HandleTimer(PingClient, PingTimer, 10ms)
2023/03/30 14:30:26.964983 node.go:167: SendMessage(PingClient -> PingServer, Ping)
2023/03/30 14:30:26.965018 node.go:197: SetTimer(PingClient, PingTimer, 10ms)
2023/03/30 14:30:26.970468 simulation.go:105: HandleMessage(PingClient -> PingServer, Ping)
2023/03/30 14:30:26.970517 node.go:167: SendMessage(PingServer -> PingClient, Pong)
2023/03/30 14:30:26.971678 simulation.go:105: HandleMessage(PingServer -> PingClient, Pong)
2023/03/30 14:30:26.976075 simulation.go:105: HandleMessage(PingServer -> PingClient, Pong)
2023/03/30 14:30:26.976150 simulation.go:118: HandleTimer(PingClient, PingTimer, 10ms)
2023/03/30 14:30:26.976175 node.go:167: SendMessage(PingClient -> PingServer, Ping)
2023/03/30 14:30:26.976187 node.go:197: SetTimer(PingClient, PingTimer, 10ms)
2023/03/30 14:30:26.983542 simulation.go:105: HandleMessage(PingClient -> PingServer, Ping)
2023/03/30 14:30:26.983608 node.go:167: SendMessage(PingServer -> PingClient, Pong)
2023/03/30 14:30:26.985886 simulation.go:105: HandleMessage(PingServer -> PingClient, Pong)
2023/03/30 14:30:26.987321 simulation.go:118: HandleTimer(PingClient, PingTimer, 10ms)
2023/03/30 14:30:26.987397 node.go:167: SendMessage(PingClient -> PingServer, Ping)
2023/03/30 14:30:26.987461 node.go:197: SetTimer(PingClient, PingTimer, 10ms)
2023/03/30 14:30:26.988646 simulation.go:105: HandleMessage(PingServer -> PingClient, Pong)
2023/03/30 14:30:26.994028 simulation.go:105: HandleMessage(PingClient -> PingServer, Ping)
2023/03/30 14:30:26.994138 node.go:167: SendMessage(PingServer -> PingClient, Pong)
2023/03/30 14:30:26.994164 simulation.go:105: HandleMessage(PingClient -> PingServer, Ping)
2023/03/30 14:30:26.994209 node.go:167: SendMessage(PingServer -> PingClient, Pong)
2023/03/30 14:30:26.995389 simulation.go:105: HandleMessage(PingClient -> PingServer, Ping)
2023/03/30 14:30:26.995491 node.go:167: SendMessage(PingServer -> PingClient, Pong)
2023/03/30 14:30:26.995528 simulation.go:105: HandleMessage(PingServer -> PingClient, Pong)
2023/03/30 14:30:26.997991 simulation.go:105: HandleMessage(PingServer -> PingClient, Pong)
2023/03/30 14:30:26.998092 simulation.go:118: HandleTimer(PingClient, PingTimer, 10ms)
2023/03/30 14:30:26.998151 node.go:167: SendMessage(PingClient -> PingServer, Ping)
2023/03/30 14:30:26.998177 node.go:197: SetTimer(PingClient, PingTimer, 10ms)
2023/03/30 14:30:26.999364 simulation.go:105: HandleMessage(PingClient -> PingServer, Ping)
2023/03/30 14:30:26.999463 node.go:167: SendMessage(PingServer -> PingClient, Pong)
2023/03/30 14:30:27.005965 simulation.go:105: HandleMessage(PingClient -> PingServer, Ping)
2023/03/30 14:30:27.006113 node.go:167: SendMessage(PingServer -> PingClient, Pong)
2023/03/30 14:30:27.007434 simulation.go:105: HandleMessage(PingServer -> PingClient, Pong)
2023/03/30 14:30:27.008865 simulation.go:118: HandleTimer(PingClient, PingTimer, 10ms)
2023/03/30 14:30:27.008992 node.go:167: SendMessage(PingClient -> PingServer, Ping)
2023/03/30 14:30:27.009095 node.go:197: SetTimer(PingClient, PingTimer, 10ms)
2023/03/30 14:30:27.012173 simulation.go:105: HandleMessage(PingClient -> PingServer, Ping)
2023/03/30 14:30:27.012269 node.go:167: SendMessage(PingServer -> PingClient, Pong)
2023/03/30 14:30:27.019818 simulation.go:118: HandleTimer(PingClient, PingTimer, 10ms)
2023/03/30 14:30:27.019917 node.go:167: SendMessage(PingClient -> PingServer, Ping)
2023/03/30 14:30:27.019993 node.go:197: SetTimer(PingClient, PingTimer, 10ms)
2023/03/30 14:30:27.028381 simulation.go:105: HandleMessage(PingServer -> PingClient, Pong)
2023/03/30 14:30:27.031303 simulation.go:105: HandleMessage(PingServer -> PingClient, Pong)
2023/03/30 14:30:27.031461 simulation.go:118: HandleTimer(PingClient, PingTimer, 10ms)
2023/03/30 14:30:27.031510 node.go:167: SendMessage(PingClient -> PingServer, Ping)
2023/03/30 14:30:27.031540 node.go:197: SetTimer(PingClient, PingTimer, 10ms)
2023/03/30 14:30:27.035510 simulation.go:105: HandleMessage(PingClient -> PingServer, Ping)
2023/03/30 14:30:27.035626 node.go:167: SendMessage(PingServer -> PingClient, Pong)
2023/03/30 14:30:27.041710 simulation.go:118: HandleTimer(PingClient, PingTimer, 10ms)
2023/03/30 14:30:27.041847 node.go:167: SendMessage(PingClient -> PingServer, Ping)
2023/03/30 14:30:27.041874 node.go:197: SetTimer(PingClient, PingTimer, 10ms)
2023/03/30 14:30:27.042046 simulation.go:105: HandleMessage(PingServer -> PingClient, Pong)
2023/03/30 14:30:27.046247 simulation.go:105: HandleMessage(PingServer -> PingClient, Pong)
2023/03/30 14:30:27.053162 simulation.go:118: HandleTimer(PingClient, PingTimer, 10ms)
2023/03/30 14:30:27.053281 node.go:167: SendMessage(PingClient -> PingServer, Ping)
2023/03/30 14:30:27.053367 node.go:197: SetTimer(PingClient, PingTimer, 10ms)
2023/03/30 14:30:27.064088 simulation.go:118: HandleTimer(PingClient, PingTimer, 10ms)
2023/03/30 14:30:27.064199 node.go:167: SendMessage(PingClient -> PingServer, Ping)
2023/03/30 14:30:27.064279 node.go:197: SetTimer(PingClient, PingTimer, 10ms)
2023/03/30 14:30:27.067097 simulation.go:105: HandleMessage(PingServer -> PingClient, Pong)
2023/03/30 14:30:27.074949 simulation.go:118: HandleTimer(PingClient, PingTimer, 10ms)
2023/03/30 14:30:27.075078 node.go:167: SendMessage(PingClient -> PingServer, Ping)
2023/03/30 14:30:27.075103 node.go:197: SetTimer(PingClient, PingTimer, 10ms)
2023/03/30 14:30:27.075110 simulation.go:105: HandleMessage(PingServer -> PingClient, Pong)
2023/03/30 14:30:27.077431 simulation.go:105: HandleMessage(PingServer -> PingClient, Pong)
2023/03/30 14:30:27.081035 simulation.go:105: HandleMessage(PingClient -> PingServer, Ping)
2023/03/30 14:30:27.081145 node.go:167: SendMessage(PingServer -> PingClient, Pong)
2023/03/30 14:30:27.083607 simulation.go:105: HandleMessage(PingClient -> PingServer, Ping)
2023/03/30 14:30:27.083705 node.go:167: SendMessage(PingServer -> PingClient, Pong)
2023/03/30 14:30:27.086075 simulation.go:118: HandleTimer(PingClient, PingTimer, 10ms)
2023/03/30 14:30:27.086168 node.go:167: SendMessage(PingClient -> PingServer, Ping)
2023/03/30 14:30:27.086246 node.go:197: SetTimer(PingClient, PingTimer, 10ms)
2023/03/30 14:30:27.088525 simulation.go:105: HandleMessage(PingClient -> PingServer, Ping)
2023/03/30 14:30:27.088614 node.go:167: SendMessage(PingServer -> PingClient, Pong)
2023/03/30 14:30:27.095847 simulation.go:105: HandleMessage(PingClient -> PingServer, Ping)
2023/03/30 14:30:27.095954 node.go:167: SendMessage(PingServer -> PingClient, Pong)
2023/03/30 14:30:27.097107 simulation.go:118: HandleTimer(PingClient, PingTimer, 10ms)
2023/03/30 14:30:27.097202 node.go:167: SendMessage(PingClient -> PingServer, Ping)
2023/03/30 14:30:27.097277 node.go:197: SetTimer(PingClient, PingTimer, 10ms)
2023/03/30 14:30:27.100414 simulation.go:105: HandleMessage(PingServer -> PingClient, Pong)
2023/03/30 14:30:27.108078 simulation.go:118: HandleTimer(PingClient, PingTimer, 10ms)
2023/03/30 14:30:27.108231 node.go:167: SendMessage(PingClient -> PingServer, Ping)
2023/03/30 14:30:27.108325 node.go:197: SetTimer(PingClient, PingTimer, 10ms)
2023/03/30 14:30:27.110624 simulation.go:105: HandleMessage(PingClient -> PingServer, Ping)
2023/03/30 14:30:27.110741 node.go:167: SendMessage(PingServer -> PingClient, Pong)
2023/03/30 14:30:27.113096 simulation.go:105: HandleMessage(PingClient -> PingServer, Ping)
2023/03/30 14:30:27.113186 node.go:167: SendMessage(PingServer -> PingClient, Pong)
2023/03/30 14:30:27.118820 simulation.go:118: HandleTimer(PingClient, PingTimer, 10ms)
2023/03/30 14:30:27.118940 node.go:167: SendMessage(PingClient -> PingServer, Ping)
2023/03/30 14:30:27.119027 node.go:197: SetTimer(PingClient, PingTimer, 10ms)
2023/03/30 14:30:27.124254 simulation.go:105: HandleMessage(PingServer -> PingClient, Pong)
2023/03/30 14:30:27.126700 simulation.go:105: HandleMessage(PingClient -> PingServer, Ping)
2023/03/30 14:30:27.126808 node.go:167: SendMessage(PingServer -> PingClient, Pong)
2023/03/30 14:30:27.130209 simulation.go:118: HandleTimer(PingClient, PingTimer, 10ms)
2023/03/30 14:30:27.130308 node.go:167: SendMessage(PingClient -> PingServer, Ping)
2023/03/30 14:30:27.130400 node.go:197: SetTimer(PingClient, PingTimer, 10ms)
2023/03/30 14:30:27.130507 simulation.go:105: HandleMessage(PingClient -> PingServer, Ping)
2023/03/30 14:30:27.130570 node.go:167: SendMessage(PingServer -> PingClient, Pong)
2023/03/30 14:30:27.132828 simulation.go:105: HandleMessage(PingServer -> PingClient, Pong)
2023/03/30 14:30:27.136341 simulation.go:105: HandleMessage(PingServer -> PingClient, Pong)
2023/03/30 14:30:27.138843 simulation.go:105: HandleMessage(PingClient -> PingServer, Ping)
2023/03/30 14:30:27.138966 node.go:167: SendMessage(PingServer -> PingClient, Pong)
2023/03/30 14:30:27.141291 simulation.go:105: HandleMessage(PingServer -> PingClient, Pong)
2023/03/30 14:30:27.141422 simulation.go:118: HandleTimer(PingClient, PingTimer, 10ms)
